%YAML:1.0
---
rvec: !!opencv-matrix
   rows: 3
   cols: 1
   dt: d
   data: [ 1.0154942971556655e+00, -9.0786273825021357e-01,
       1.0978274252885363e+00 ]
tvec: !!opencv-matrix
   rows: 3
   cols: 1
   dt: d
   data: [ -1.7127538859884011e+00, -1.5917409088521119e+00,
       -1.0592013837378280e+00 ]
