%YAML:1.0
---
transform: [ -1.7127538859884011e+00, -1.5917409088521119e+00,
    -1.0592013837378280e+00 ]
euler_angle: [ 8.6688509476015208e-01, -1.2184693017200590e+00,
    5.8768890569438015e-01 ]
